# name: table
# type: matrix
# rows: 14
# columns: 2 

-0 -0
-0.00144 -288.7
-0.00163 -306.7
-0.00192 -324.8
-0.00241 -342.8
-0.00276 -351.8
-0.00380 -360.9
0 0
0.00144 288.7
0.00163 306.7
0.00192 324.8
0.00241 342.8
0.00276 351.8
0.00380 360.9


# name: percentage
# type: matrix
# rows: 14
# columns: 2 

1 0 
2 0.02
3 0.04 
4 0.06
5 0.08
6 0.10
7 0.12
8 0.14
9 0.16
10 0.18
11 0.20
12 0.22
13 0.24
14 0.26

